22
29
33
19
27
55
47
0
17
69
68
31
-3
36
59
18
42
40
35
35
34
12
31
35
34
58
30
37
43
44
30
8
28
44
13
30
23
36
34
27
24
37
51
44
26
54
41
25
32
5
10
20
54
37
9
52
31
7
30
29
33
22
13
42
46
31
37
56
58
48
61
60
39
46
74
30
39
14
11
11
14
29
23
49
77
70
48
26
29
43
35
40
44
38
29
38
57
64
75
60
38
36
44
55
46
20
7
5
24
41
40
19
29
47
51
49
40
46
45
22
22
33
43
36
23
9
6
15
23
39
54
67
66
43
40
51
53
62
48
38
12
6
8
21
33
46
52
54
49
33
27
44
55
54
58
51
38
35
28
25
28
20
28
35
25
1
17
15
11
38
61
36
10
3
16
19
21
41
48
45
37
17
19
29
37
49
53
52
57
50
36
19
20
18
24
42
45
45
41
43
48
65
53
31
22
36
48
41
30
27
24
29
39
29
23
14
23
29
32
23
32
37
22
12
7
6
34
57
56
47
22
32
42
57
49
65
68
42
18
8
10
22
37
51
40
25
253
2
16
22
44
58
60
53
29
17
15
31
43
23
12
3
10
37
47
43
39
26
36
50
50
48
36
9
6
21
47
67
64
60
51
46
58
56
47
39
35
24
25
39
42
51
69
72
80
70
52
35
28
28
45
52
60
51
54
48
14
14
27
28
4
-254
16
37
24
26
29
49
49
37
31
23
43
56
66
46
24
6
6
17
26
41
53
44
23
21
29
44
34
32
45
38
47
67
64
52
42
38
27
22
20
22
34
43
30
12
27
57
63
49
54
38
28
22
13
8
15
50
64
76
62
38
21
29
18
37
49
32
22
5
13
35
46
19
5
33
57
55
47
35
38
38
38
26
25
22
14
21
25
27
17
23
37
50
58
43
38
44
30
29
31
15
20
34
54
45
40
39
48
51
38
28
38
46
58
53
33
16
18
46
64
72
32
21
31
48
54
60
51
37
32
18
11
10
17
38
55
56
60
31
12
6
11
43
58
62
68
50
41
14
-5
15
41
50
39
37
48
49
34
36
52
67
75
56
33
5
-13
10
39
52
40
20
13
9
20
41
64
60
52
22
19
40
61
65
38
19
28
32
27
21
19
46
57
40
9
3
3
7
14
16
34
57
47
34
16
14
45
56
47
38
38
45
39
28
30
52
66
52
16
-13
-255
32
32
28
23
24
30
36
36
39
47
52
43
28
24
23
14
13
15
19
27
44
35
26
33
39
31
48
52
58
62
43
45
53
63
77
64
65
54
37
28
36
43
45
46
44
50
53
63
68
67
49
47
63
72
61
50
47
63
75
62
42
34
45
50
41
42
52
46
20
27
39
59
62
52
26
21
25
32
49
60
51
30
21
6
4
20
25
38
48
63
50
12
-2
19
33
38
41
54
39
32
54
58
52
30
7
-1
11
30
33
35
30
19
17
43
42
45
50
48
40
28
32
39
50
58
60
70
65
48
21
13
34
48
37
41
42
48
45
48
49
57
61
57
47
15
-9
10
52
69
54
27
13
13
11
17
23
24
19
19
30
31
25
23
8
8
27
43
53
47
19
13
23
41
60
49
36
32
30
39
46
27
27
45
52
51
53
53
41
23
29
31
29
37
40
51
38
22
14
11
19
26
26
30
51
59
46
37
38
44
33
14
19
24
30
27
41
60
53
39
22
37
44
50
57
52
42
33
32
33
18
15
20
16
2
12
22
29
9
4
-7
21
41
60
57
41
26
19
20
24
34
35
40
41
38
35
42
52
42
25
32
39
32
36
29
27
23
35
28
40
39
39
56
58
37
24
20
36
62
58
41
35
37
38
28
36
31
14
3
20
34
37
31
16
29
48
48
31
34
48
55
69
66
55
35
25
28
35
40
42
50
44
36
22
25
26
29
32
51
48
21
15
24
16
9
26
43
45
50
44
41
31
39
41
41
46
60
60
54
42
24
18
27
42
40
40
39
52
50
34
19
12
21
36
36
35
35
36
42
36
24
18
15
13
24
32
29
30
45
50
47
40
31
41
40
32
34
58
72
54
45
29
8
10
15
28
25
38
39
53
53
38
23
31
38
36
42
35
37
40
46
49
34
11
7
15
22
47
45
32
35
27
31
38
61
63
31
8
3
21
32
41
44
44
53
48
47
41
32
49
69
51
29
36
50
56
38
36
36
23
14
23
48
43
31
39
57
50
51
52
47
51
58
35
15
27
40
43
44
25
8
9
24
32
32
18
13
19
28
30
48
51
51
43
69
53
31
23
29
45
