0.95224609375
0.9450683593750001
0.9546386718750001
0.9283203125
1.02880859375
1.0359863281250001
0.959423828125
0.9618164062500001
1.01923828125
0.976171875
0.95224609375
0.9905273437500001
1.0359863281250001
1.007275390625
0.976171875
0.9809570312500001
1.021630859375
0.9929199218750001
0.983349609375
0.9666015625000001
0.9977050781250001
1.0120605468750001
0.9953125
1.0048828125
1.0024902343750002
1.0000976562500001
0.95224609375
0.9929199218750001
0.9785644531250001
1.0120605468750001
1.0144531250000002
0.95224609375
1.02880859375
1.00966796875
0.9905273437500001
1.03359375
1.045556640625
1.045556640625
0.9498535156250001
0.988134765625
0.9785644531250001
0.9618164062500001
0.9426757812500001
0.9737792968750001
1.0024902343750002
1.0144531250000002
1.045556640625
1.0359863281250001
1.00966796875
0.9689941406250001
0.9785644531250001
0.9378906250000001
0.9331054687500001
0.9809570312500001
0.97138671875
1.0024902343750002
1.0024902343750002
0.9953125
0.97138671875
0.940283203125
0.9953125
1.045556640625
1.031201171875
1.0503417968750002
0.988134765625
0.9737792968750001
0.9666015625000001
0.9785644531250001
1.0359863281250001
1.0144531250000002
0.97138671875
1.0048828125
1.02880859375
0.976171875
0.97138671875
0.9929199218750001
0.9546386718750001
1.0024902343750002
0.9785644531250001
0.9618164062500001
0.9905273437500001
0.9905273437500001
1.0144531250000002
0.9929199218750001
1.00966796875
1.00966796875
0.964208984375
0.9570312500000001
1.016845703125
1.016845703125
1.0120605468750001
0.983349609375
0.9953125
0.9953125
1.0024902343750002
0.9905273437500001
0.988134765625
0.988134765625
0.976171875
0.976171875
0.9546386718750001
0.9546386718750001
0.9737792968750001
1.0120605468750001
1.01923828125
1.01923828125
1.021630859375
0.983349609375
0.983349609375
0.9426757812500001
0.976171875
1.0048828125
1.0048828125
0.9953125
0.9666015625000001
0.9450683593750001
0.9450683593750001
0.97138671875
0.983349609375
0.983349609375
0.9953125
1.0240234375000001
0.976171875
0.976171875
0.9283203125
0.959423828125
0.9905273437500001
0.9905273437500001
1.031201171875
1.021630859375
0.9977050781250001
0.9977050781250001
0.9666015625000001
0.9666015625000001
0.9666015625000001
0.9953125
0.976171875
0.988134765625
0.988134765625
1.007275390625
1.007275390625
1.007275390625
0.9905273437500001
0.988134765625
1.0024902343750002
1.0024902343750002
1.045556640625
1.03359375
1.03359375
0.988134765625
0.976171875
0.9618164062500001
0.9618164062500001
0.9498535156250001
0.9618164062500001
0.9953125
0.9953125
0.988134765625
0.9474609375
0.9474609375
0.9689941406250001
1.0000976562500001
0.9737792968750001
0.9737792968750001
0.97138671875
1.0024902343750002
1.0024902343750002
1.021630859375
1.0144531250000002
0.9953125
0.9953125
0.9737792968750001
0.9905273437500001
0.9905273437500001
1.00966796875
1.016845703125
1.03359375
1.03359375
1.007275390625
0.9977050781250001
0.9977050781250001
1.0240234375000001
0.9737792968750001
0.9689941406250001
0.9689941406250001
0.9953125
0.983349609375
0.983349609375
0.9929199218750001
1.01923828125
1.0240234375000001
1.0240234375000001
0.9809570312500001
1.0000976562500001
1.0000976562500001
1.0264160156250002
1.0383789062500002
1.0120605468750001
1.0120605468750001
0.9498535156250001
1.0024902343750002
1.0024902343750002
1.0599121093750001
1.00966796875
0.976171875
0.976171875
0.9737792968750001
0.9737792968750001
0.9737792968750001
0.976171875
0.9570312500000001
0.976171875
0.976171875
1.0144531250000002
1.0264160156250002
1.0264160156250002
1.02880859375
1.021630859375
1.0503417968750002
1.0503417968750002
1.0431640625
0.976171875
0.9785644531250001
0.9785644531250001
1.0144531250000002
1.0240234375000001
1.0240234375000001
1.0024902343750002
0.9953125
1.02880859375
1.02880859375
1.045556640625
1.045556640625
1.045556640625
1.0024902343750002
0.9211425781250001
0.9259277343750001
0.9259277343750001
0.983349609375
0.983349609375
0.983349609375
0.976171875
0.9737792968750001
0.9546386718750001
0.9546386718750001
0.988134765625
1.007275390625
0.9618164062500001
0.9618164062500001
0.988134765625
1.03359375
1.03359375
1.03359375
1.00966796875
1.0024902343750002
1.0024902343750002
1.0479492187500001
1.040771484375
0.9953125
0.9953125
0.988134765625
0.9666015625000001
0.9666015625000001
0.9546386718750001
0.988134765625
0.9737792968750001
0.9737792968750001
0.9067871093750001
0.9331054687500001
0.9331054687500001
1.0120605468750001
0.9618164062500001
0.983349609375
0.983349609375
1.0383789062500002
0.959423828125
0.9331054687500001
0.9331054687500001
0.9809570312500001
0.9618164062500001
0.9498535156250001
0.9498535156250001
0.9785644531250001
0.9953125
0.9953125
1.0240234375000001
1.031201171875
1.0359863281250001
1.0359863281250001
1.052734375
1.055126953125
1.055126953125
1.01923828125
1.0024902343750002
1.0240234375000001
1.0240234375000001
1.01923828125
0.9474609375
0.9331054687500001
0.9331054687500001
0.964208984375
0.9929199218750001
0.9929199218750001
0.9905273437500001
0.959423828125
0.9905273437500001
0.9905273437500001
1.0240234375000001
1.031201171875
0.9953125
0.9953125
0.9283203125
0.9331054687500001
0.9331054687500001
0.976171875
0.976171875
0.95224609375
0.95224609375
0.9259277343750001
0.9737792968750001
1.0000976562500001
1.0000976562500001
0.959423828125
0.976171875
0.976171875
0.964208984375
0.9857421875000001
0.9977050781250001
0.9977050781250001
0.964208984375
1.0431640625
0.9283203125
1.0814453125
1.045556640625
1.021630859375
1.021630859375
0.988134765625
0.9426757812500001
0.9689941406250001
0.9689941406250001
1.007275390625
0.9785644531250001
0.988134765625
0.988134765625
1.007275390625
0.9546386718750001
0.9546386718750001
0.97138671875
1.0240234375000001
1.016845703125
1.016845703125
0.9929199218750001
0.9498535156250001
0.9498535156250001
0.940283203125
0.983349609375
0.983349609375
0.983349609375
0.9689941406250001
1.0000976562500001
1.007275390625
1.007275390625
0.9857421875000001
1.0048828125
1.0048828125
1.0120605468750001
1.0024902343750002
0.9905273437500001
0.9905273437500001
0.9905273437500001
1.0359863281250001
1.03359375
1.03359375
0.988134765625
0.983349609375
0.983349609375
1.0144531250000002
1.0240234375000001
1.03359375
1.03359375
1.01923828125
0.988134765625
0.9618164062500001
0.9618164062500001
0.9450683593750001
0.964208984375
0.964208984375
0.988134765625
0.9378906250000001
0.9498535156250001
0.9498535156250001
1.016845703125
1.031201171875
1.031201171875
1.016845703125
0.9809570312500001
0.95224609375
0.95224609375
0.9689941406250001
1.0024902343750002
1.0024902343750002
0.9689941406250001
0.9474609375
0.97138671875
0.97138671875
0.959423828125
0.9546386718750001
0.9929199218750001
0.9929199218750001
0.988134765625
0.97138671875
0.97138671875
0.9450683593750001
0.9331054687500001
0.9809570312500001
0.9809570312500001
0.9546386718750001
0.9498535156250001
1.0240234375000001
1.0240234375000001
1.0240234375000001
0.9953125
0.9953125
0.9977050781250001
0.983349609375
0.95224609375
0.95224609375
0.9785644531250001
0.9905273437500001
0.9953125
0.9953125
1.02880859375
1.021630859375
1.021630859375
0.983349609375
0.9570312500000001
0.9953125
0.9953125
1.0048828125
0.9283203125
0.9666015625000001
0.9666015625000001
1.0264160156250002
1.0264160156250002
1.0264160156250002
1.02880859375
0.9785644531250001
0.9570312500000001
0.9570312500000001
0.9785644531250001
1.0048828125
0.9905273437500001
0.9905273437500001
0.9546386718750001
0.9570312500000001
0.9570312500000001
0.97138671875
0.988134765625
0.97138671875
0.97138671875
0.9307128906250001
0.9498535156250001
0.9498535156250001
0.9689941406250001
0.976171875
1.0120605468750001
1.0120605468750001
1.0144531250000002
1.007275390625
1.052734375
1.052734375
1.03359375
1.031201171875
1.031201171875
1.031201171875
0.9953125
1.00966796875
1.00966796875
0.9905273437500001
0.9929199218750001
1.0000976562500001
1.0000976562500001
0.9809570312500001
0.9857421875000001
0.9857421875000001
1.0048828125
0.9977050781250001
0.9905273437500001
0.9905273437500001
1.0120605468750001
1.052734375
1.06708984375
1.06708984375
1.016845703125
0.983349609375
0.983349609375
0.9666015625000001
0.9474609375
0.9498535156250001
0.9498535156250001
0.9905273437500001
1.040771484375
1.0359863281250001
1.0048828125
1.0048828125
0.983349609375
0.9737792968750001
0.9737792968750001
0.9737792968750001
0.9498535156250001
0.976171875
0.988134765625
0.988134765625
1.0000976562500001
1.045556640625
1.045556640625
0.97138671875
0.911572265625
0.77998046875
0.9331054687500001
0.9546386718750001
0.9905273437500001
0.9905273437500001
1.0000976562500001
0.9953125
0.9857421875000001
0.9857421875000001
0.9785644531250001
0.9666015625000001
0.9666015625000001
0.964208984375
0.9905273437500001
0.9618164062500001
0.9618164062500001
0.9737792968750001
1.00966796875
1.00966796875
0.9929199218750001
0.9737792968750001
1.0144531250000002
1.0144531250000002
1.0264160156250002
0.983349609375
0.9977050781250001
0.9977050781250001
1.03359375
1.03359375
0.976171875
0.976171875
0.9785644531250001
1.0144531250000002
0.988134765625
0.988134765625
1.0120605468750001
1.0144531250000002
1.0144531250000002
1.0120605468750001
1.0000976562500001
0.9283203125
0.9211425781250001
0.9211425781250001
0.92353515625
0.964208984375
0.964208984375
0.9785644531250001
0.9905273437500001
1.0240234375000001
1.0240234375000001
1.031201171875
1.0240234375000001
1.0240234375000001
0.9689941406250001
0.9378906250000001
0.9426757812500001
0.9426757812500001
0.964208984375
0.976171875
1.0264160156250002
1.0264160156250002
1.040771484375
0.9809570312500001
0.9809570312500001
0.964208984375
0.97138671875
0.9785644531250001
0.9785644531250001
1.01923828125
1.007275390625
1.007275390625
0.9953125
0.9953125
0.983349609375
0.983349609375
0.9857421875000001
0.9618164062500001
0.9618164062500001
0.9666015625000001
1.007275390625
1.01923828125
1.01923828125
1.00966796875
1.016845703125
1.0240234375000001
1.0240234375000001
1.05751953125
1.0742675781250002
1.0742675781250002
1.0479492187500001
1.0120605468750001
0.97138671875
0.97138671875
0.983349609375
1.0024902343750002
1.007275390625
1.007275390625
1.02880859375
0.9905273437500001
0.9905273437500001
0.9689941406250001
1.007275390625
1.007275390625
1.00966796875
0.9618164062500001
0.9785644531250001
0.9785644531250001
1.0383789062500002
1.0024902343750002
1.00966796875
1.00966796875
1.021630859375
0.9785644531250001
0.9785644531250001
0.9785644531250001
1.0024902343750002
1.021630859375
1.021630859375
1.00966796875
1.0144531250000002
1.0144531250000002
1.0048828125
0.9809570312500001
0.97138671875
0.97138671875
0.9809570312500001
1.0048828125
1.00966796875
1.00966796875
0.9905273437500001
0.9929199218750001
0.9929199218750001
1.0264160156250002
1.0264160156250002
0.9953125
0.9953125
1.0024902343750002
0.9857421875000001
0.97138671875
0.97138671875
0.9929199218750001
0.9785644531250001
0.9785644531250001
0.983349609375
1.0048828125
1.0120605468750001
1.0120605468750001
1.01923828125
0.9953125
0.9546386718750001
0.9546386718750001
0.964208984375
0.976171875
0.976171875
0.9666015625000001
1.0144531250000002
1.01923828125
1.01923828125
0.9857421875000001
0.9857421875000001
0.9737792968750001
0.9737792968750001
0.9785644531250001
0.9929199218750001
0.9929199218750001
0.988134765625
0.988134765625
0.9546386718750001
0.9546386718750001
0.9378906250000001
0.9953125
1.03359375
1.03359375
1.007275390625
0.9618164062500001
0.9618164062500001
0.976171875
1.00966796875
0.9929199218750001
0.9929199218750001
0.9570312500000001
0.9426757812500001
0.976171875
0.976171875
0.9953125
1.016845703125
1.016845703125
1.02880859375
0.964208984375
0.9450683593750001
0.9450683593750001
0.9953125
1.0048828125
0.9905273437500001
0.9905273437500001
0.9929199218750001
0.9785644531250001
0.9785644531250001
0.9977050781250001
1.03359375
1.0024902343750002
1.0024902343750002
1.0048828125
1.045556640625
0.9331054687500001
1.0862304687500002
1.0383789062500002
0.9211425781250001
0.9211425781250001
1.0000976562500001
1.0048828125
0.9570312500000001
0.9570312500000001
1.0000976562500001
1.0503417968750002
1.0503417968750002
1.0264160156250002
0.9905273437500001
0.9953125
0.9953125
0.9929199218750001
1.016845703125
0.988134765625
0.988134765625
1.0144531250000002
1.0240234375000001
1.0240234375000001
0.9737792968750001
0.9498535156250001
0.976171875
0.976171875
1.0144531250000002
0.9737792968750001
0.940283203125
0.940283203125
0.935498046875
0.9426757812500001
0.9426757812500001
0.9689941406250001
0.976171875
0.9570312500000001
0.9570312500000001
0.95224609375
1.0000976562500001
1.03359375
1.03359375
1.016845703125
1.007275390625
1.007275390625
1.0144531250000002
0.9689941406250001
0.959423828125
0.959423828125
1.0024902343750002
0.983349609375
1.007275390625
1.007275390625
0.9953125
0.95224609375
0.95224609375
0.9450683593750001
0.97138671875
0.9929199218750001
0.9929199218750001
0.9737792968750001
0.9785644531250001
0.9618164062500001
0.9618164062500001
0.9905273437500001
0.9905273437500001
0.9905273437500001
0.9570312500000001
1.016845703125
1.016845703125
1.016845703125
0.9737792968750001
1.0120605468750001
1.016845703125
1.016845703125
1.00966796875
1.016845703125
1.016845703125
1.0144531250000002
1.021630859375
1.007275390625
1.007275390625
0.9570312500000001
0.964208984375
0.9977050781250001
0.9977050781250001
0.9450683593750001
0.97138671875
0.97138671875
1.0120605468750001
0.9378906250000001
0.95224609375
0.95224609375
1.0264160156250002
1.0144531250000002
0.9737792968750001
0.9737792968750001
0.9857421875000001
1.0264160156250002
1.0264160156250002
0.9977050781250001
1.0048828125
1.02880859375
1.02880859375
0.9666015625000001
0.9570312500000001
0.988134765625
0.988134765625
1.031201171875
1.02880859375
1.02880859375
0.9785644531250001
1.0048828125
1.0359863281250001
1.0359863281250001
1.0240234375000001
1.0431640625
1.0431640625
1.055126953125
1.0264160156250002
0.9953125
0.9953125
1.0120605468750001
1.055126953125
1.01923828125
1.01923828125
0.9809570312500001
0.9953125
0.9953125
0.9857421875000001
0.959423828125
0.9426757812500001
0.9426757812500001
1.0024902343750002
1.01923828125
0.9689941406250001
0.9689941406250001
0.964208984375
1.0024902343750002
1.0024902343750002
1.0000976562500001
0.9331054687500001
1.064697265625
0.911572265625
0.9498535156250001
0.983349609375
0.983349609375
0.988134765625
0.988134765625
0.9785644531250001
0.9785644531250001
0.9666015625000001
0.988134765625
0.988134765625
1.0048828125
1.00966796875
1.052734375
1.052734375
1.0024902343750002
0.940283203125
0.9857421875000001
0.9857421875000001
1.00966796875
0.9929199218750001
0.9929199218750001
0.9953125
0.9977050781250001
0.9953125
0.9953125
1.00966796875
1.0144531250000002
1.0000976562500001
1.0000976562500001
0.97138671875
0.983349609375
0.983349609375
1.01923828125
1.0264160156250002
1.0144531250000002
1.0144531250000002
0.9785644531250001
0.9618164062500001
0.9953125
0.9953125
1.0120605468750001
0.9809570312500001
0.9809570312500001
0.9618164062500001
0.9307128906250001
0.9450683593750001
0.9450683593750001
0.9689941406250001
1.0000976562500001
1.0000976562500001
1.0359863281250001
0.9977050781250001
0.9618164062500001
0.9618164062500001
0.9474609375
0.9857421875000001
0.9929199218750001
0.9929199218750001
0.9809570312500001
1.0240234375000001
1.0240234375000001
1.0264160156250002
0.9977050781250001
1.0120605468750001
1.0120605468750001
1.016845703125
1.016845703125
1.0048828125
1.0048828125
1.00966796875
1.031201171875
1.031201171875
0.9857421875000001
0.959423828125
0.9618164062500001
0.9618164062500001
0.940283203125
1.0048828125
1.0144531250000002
1.0144531250000002
0.9857421875000001
0.9977050781250001
0.9977050781250001
0.9857421875000001
1.0144531250000002
1.00966796875
1.00966796875
0.983349609375
0.9929199218750001
1.0144531250000002
1.0144531250000002
1.016845703125
1.031201171875
1.031201171875
1.040771484375
1.0431640625
0.9905273437500001
0.9905273437500001
0.9570312500000001
0.9953125
1.0024902343750002
1.0024902343750002
0.9905273437500001
0.97138671875
0.97138671875
0.9618164062500001
0.9570312500000001
0.964208984375
0.964208984375
0.976171875
0.9689941406250001
0.9857421875000001
0.9857421875000001
1.007275390625
1.0000976562500001
1.0000976562500001
1.01923828125
1.031201171875
1.016845703125
1.016845703125
1.007275390625
0.9977050781250001
0.9929199218750001
0.9929199218750001
1.0024902343750002
0.9953125
0.9953125
0.964208984375
0.9450683593750001
0.95224609375
0.983349609375
0.983349609375
0.9977050781250001
1.0120605468750001
045556640625
1.0838378906250001
0.9953125
0.976171875
1.0240234375000001
1.055126953125
1.040771484375
1.06708984375
1.045556640625
1.0431640625
